54786739832,2
1626939767,2
53384167500,2
46892184198,2
4609771235,2
6006148979,2
7984960617,2
20749363626,2
3065552167,2
49146673885,2
52126097287,2
52126393244,2
8385293470,2
11220213185,2
48207335157,2
32715826723,2
2261595772,2
1443180063,2
1487906093,2
1793727724,2
748641711,2
2096560811,2
49378384375,2
1436903447,2
3749797667,2
48531437310,2
48311429621,2
47918421919,2
47879231778,2
47917763297,2
7359019916,2
46435104886,2
5445272232,2
1668872908,2
2277408347,2
47352625292,2
3703874838,2
12007313287,2
46622150336,2
2126110246,2
46202497957,2
4579002926,2
625084489,2
2300559515,2
207928226,2
19517344768,2
20286424990,2
1901169506,2
32210831596,2
19379552762,2
48858790841,2
52681746730,2
7708486337,2
47957315760,2
53425567737,2
3041525537,2
37563935759,2
19799733583,2
48931632675,2
26575682463,2
52751772664,2
18093494087,2
52255268147,2
52981496275,2
7872948620,2
54032148077,2
34844642424,2
18173374984,2
54310043802,2
44747958790,2
53640122331,2
25754945455,2
44371980439,2
45323545866,2
50655645875,2
49294135657,2
2231113904,2
5870978623,2
48260987970,2
7311813313,2
48027949031,2
52921946336,2
5892722089,2
50018813010,2
47564307340,2
45195019822,2
5319522002,2
54285965239,2
53472316675,2
47388271841,2
6158995429,2
7200992347,2
2245777563,2
2319337039,2
3193278800,2
28587411786,2
50231558953,2
46201854727,2
5431477624,2
40132392,2
44751786633,2
2957228142,2
54786739832,2
38885135617,2
25486153718,2
259345796,2
53895245767,2
4441877675,2
26555346654,2
32401682542,2
2802359,2
30114096130,2
31393154738,2
3192624596,2
8166618909,2
12433391391,2
52775356326,2
7201168328,2
7452689691,2
50771399313,2
7109276968,2
44040966484,2
32716835942,2
52526024051,2
51342188986,2
5648126236,2
7936618886,2
43353911486,2
35323242830,2
40132088826,2
5726389515,2
7378942675,2
29362107396,2
551506354,2
11559173247,2
52128265077,2
50285372514,2
189364959,2
7217390681,2
13007711129,2
13370031479,2
16472633157,2
26810013918,2
51720973771,2
52653233881,2
8505513621,2
52266977047,2
22381826782,2
33661834318,2
51337334296,2
4180563814,2
51125297537,2
49968505206,2
4372995869,2
49979133906,2
52636856731,2
5680254364,2
2696114554,2
1915695191,2
5550002840,2
52255850029,2
10669152095,2
1021803585,2
52326792452,2
2525002148,2
2314508277,2
2154031360,2
50784945191,2
7200420470,2
1726816180,2
1410491308,2
50437501530,2
25873466137,2
4067579228,2
8756432700,2
49614898244,2
44378516501,2
49734003789,2
13574424728,2
4755870809,2
12695957,2
46608908068,2
634564793,2
7873621914,2
1807426818,2
47640871140,2
6653119141,2
2517669282,2
37144679455,2
12577265452,2
39901162515,2
19780588506,2
8606473085,2
5870502898,2
6748715659,2
5757399436,2
254029422,2
43113348766,2
2013710906,2
3897179488,2
1506080161,2
1066080851,2
3969718718,2
32199489910,2
50380472921,2
7634538323,2
3283860155,2
51123806548,2
5883405301,2
16020753435,2
1231262397,2
49605855070,2
53909843549,2
2837576126,2
1946046797,2
262848191,2
1995517116,2
7282875074,2
7523217270,2
53711881795,2
5537143172,2
7446015443,2
1137165580,2
11326807674,2
5542411131,2
37565969327,2
45468090433,2
274534044,2
1996994915,2
53612745373,2
2439520414,2
33640721681,2
31481288612,2
38177731175,2
466922680,2
746748205,2
50406563399,2
6132862072,2
1613157052,2
4091383764,2
39505001654,2
4687504779,2
8914719984,2
410603542,2
1827704093,2
48115397236,2
48970453700,2
253205217,2
6771237049,2
2277744835,2

45097980321,2
5817337225,2
13793730439,2
53778397515,2
48147682398,2
50849887815,2
10105988701,2
52155367184,2
47562992420,2
11315340330,2
14454402699,2
53022023451,2
7321052349,2
47673572706,2
3142548641,2
12362098351,2
14074576931,2
5554995211,2
7724442934,2
16842661451,2
31393154738,2
13370031479,2
7272239625,2
2387220235,2
53252698788,2
46527817254,2
656729325,2
16268425576,2
49769408547,2
4496306040,2
8439667643,2
8308883345,2
8281531748,2
8166618909,2
32234947745,2
11404944921,2
1926585999,2
17146736475,2
43353911486,2
10134827861,2
47520541525,2
45863475434,2
51790068541,2
1397261402,2
3180837189,2
5569563831,2
16122381921,2
45655993446,2
5459546361,2
4680207173,2

46252839826,2
51562083689,2
28089501317,2
48903978076,2
50689217440,2
8314328514,2
2162941782,2
2167079677,2
2040648865,2
2260115198,2
8094833404,2
52870252976,2
50375850895,2
52690065670,2
10710022350,2
52176640700,2
51795866528,2
8452144006,2
3919013096,2
276087949,2
1569052588,2
2233613002,2
51247535556,2
51457601298,2
51193645842,2
42974094012,2
46431859365,2
2091874879,2
46812223216,2
35529390944,2
1908275550,2
49529579059,2
282974043,2
48970229234,2
44900831162,2
48531342892,2
45948327592,2
6193140432,2
12041365150,2
3979272072,2
3301977627,2
45573813131,2
46154694227,2
21390678012,2
1955931043,2
9602563954,2
3250240683,2
43015824972,2
1722275610,2
42371649892,2


54639427905,2
54017097212,2
54566656572,2
55030177503,2
54584361782,2
48140269951,2
53763430015,2
3064070483,2
52596252907,2
53433670324,2
49361032486,2
53175730194,2
54252908050,2
53228538261,2
18058479628,2
8410351994,2
53677704181,2
38112509920,2
53196413915,2
15890976016,2
53629257547,2
54073947749,2
53574734055,2
50568304362,2
13520288686,2
5662159735,2
4441877675,2
19446879535,2
53524025112,2
7731897962,2
53809356031,2
53711707282,2
1149790662,2
53562580868,2
53883152373,2
5817337225,2
54029180823,2
48409404673,2
51141408983,2
53832263309,2
53355233729,2
5850571533,2
52996106078,2
3616023152,2
3560108006,2
53185965796,2
53346587650,2
53814939888,2
53818108547,2
53774996972,2
43437856,2
54518220668,2
28976917043,2
53731144725,2
42619387547,2
51301005134,2
8569626474,2
44924943324,2
51133901142,2
51211179707,2
50712695500,2
4214131657,2
41343467204,2
769668591,2
31514638656,2
13760026092,2
5511436034,2
44170255173,2
5012484691,2
6845167673,2
22806024012,2
226072650,2
34923654277,2
34394952363,2
4789252254,2
21758491796,2
3918303377,2
14770738641,2
5683012272,2
13561414209,2
13567475628,2
1831394096,2
10721430144,2
10265626200,2
5857595090,2
8235022686,2
8417894215,2
1616621306,2
8216495028,2
8165760080,2
208969276,2
7190754717,2
7397327302,2
5521310995,2
4276867845,2
5810791791,2
5369569165,2
2518889366,2
1436920448,2
5488805512,2
11620685118,2
48627313595,2
35325065054,2
6669028494,2
53169300045,2
2947955893,2
752865530,2
7686022669,2
7987796154,2
5396516819,2
51864281589,2
1524192396,2
1089101756,2
54577755548,2
7640468145,2
513724536,2
50891682088,2
7278537841,2
274887467,2
4710110591,2
7194457304,2
38971353504,2
46573166011,2
54636956090,2
7119856409,2
54835545450,2
31822862927,2
50126200335,2
1441593483,2
9264457812,2
313647502,2
7239432035,2
46218201438,2
3546231657,2
563303774,2
7343894036,2
1499168326,2
52419936088,2
50781531344,2
49230381961,2
4029651070,2
1400614455,2
52034606748,2
45377429232,2
53776952278,2
54322826423,2
1461852230,2
54789416694,2
43695165226,2
14964176197,2